5	6.973180076628355e-06	3.218390804597702e-05
10	8.888888888888892e-06	3.7164750957854425e-05
15	5.547126436781611e-05	5.172413793103448e-05
20	9.157088122605366e-06	3.448275862068965e-05
30	1.2222222222222226e-05	2.950191570881228e-05 
35	1.1954022988505747e-05	3.7931034482758635e-05 
40	8.81226053639847e-06	3.2567049808429125e-05 
45	1.0038314176245213e-05	3.295019157088122e-05 
100	2.4521072796934867e-05	3.486590038314177e-05 
120	2.950191570881228e-05	3.563218390804598e-05 


200	5.057471264367815e-05	3.7164750957854405e-05 
