
5	0.00010881226053639847	0.0001363984674329502 
10	5.731800766283526e-05	0.00010536398467432951 
15	4.942528735632186e-05	8.23754789272031e-05 
20	6.628352490421456e-05	9.770114942528735e-05 
25	4.6743295019157103e-05	9.578544061302684e-05 
30	0.0001509578544061303	0.00012681992337164753 
35	2.3754789272030653e-05	5.095785440613029e-05 
40	3.992337164750959e-05	0.00011226053639846744 
45	3.371647509578545e-05	8.122605363984677e-05 
50	1.4444444444444446e-05	4.3295019157088125e-05 
55	1.5708812260536405e-05	3.869731800766283e-05 
60	2.2605363984674335e-05	4.367816091954022e-05 
65	2.3371647509578545e-05	4.636015325670498e-05 
70	2.1839080459770122e-05	4.482758620689655e-05 
75	2.5287356321839087e-05	4.674329501915711e-05 
80	2.4137931034482758e-05	4.2911877394636006e-05 
85	2.413793103448277e-05	4.291187739463603e-05 
90	2.5670498084291195e-05	4.2528735632183915e-05 
