10	2.7241379310344835e-06	6.3938697318007675e-06 
15	3.785440613026821e-06	5.9961685823754804e-06 
20	4.915708812260538e-06	7.915708812260539e-06 
20	4.915708812260538e-06	7.915708812260539e-06 
25	6.003831417624522e-06	9.942528735632187e-06 
30	7.114942528735634e-06	1.1977011494252877e-05 
35	8.283524904214561e-06	1.4015325670498087e-05 
40	9.4904214559387e-06	1.6011494252873566e-05 
45	1.0659003831417626e-05	1.8045977011494258e-05 
50	1.1827586206896554e-05	2.0084291187739468e-05 
55	1.302681992337165e-05	2.2118773946360156e-05 
60	1.4214559386973184e-05	2.415325670498085e-05 
65	1.5363984674329506e-05	2.6206896551724147e-05 
70	1.659003831417625e-05	2.8237547892720313e-05 
75	1.773946360153257e-05	3.022988505747127e-05 
80	1.8965517241379314e-05	3.226053639846744e-05 
120	2.8352490421455943e-05	4.858237547892721e-05 
100	2.3639846743295022e-05	4.0383141762452115e-05 
