10	2.7241379310344835e-06	6.3938697318007675e-06 
15	3.808429118773947e-06	5.9961685823754804e-06 
25	1.3333333333333338e-05	1.3448275862068967e-05 
30	1.0210727969348663e-05	1.1977011494252877e-05 
35	2.237547892720307e-05	2.3218390804597705e-05 
40	3.218390804597701e-05	3.1149425287356326e-05 
45	0.00012107279693486594	0.00010900766283524906 
50	0.00017279693486590042	0.0001758620689655173 
60	0.00017279693486590042	0.0001766283524904215 
65	0.00025363984674329506	0.00016436781609195406 
70	0.0005107279693486591	0.00043448275862068974 
75	0.0002459770114942529	0.00023563218390804601 
80	0.00025210727969348664	0.0002467432950191571 
