5	3.2413793103448285e-06	7.494252873563219e-06 
10	1.0727969348659007e-05	7.467432950191572e-06 
15	2.7203065134099625e-05	2.226053639846744e-05 
20	2.2835249042145597e-05	2.0651340996168588e-05 
25	4.559386973180078e-05	8.352490421455938e-05 
30	0.00012720306513409966	0.00011268199233716478 
35	0.00014865900383141767	0.00012337164750957858 
40	0.00019693486590038314	0.0001567049808429119 
45	0.00020651340996168588	0.00019616858237547896 
50	0.0003191570881226054	0.00023678160919540233 
55	0.0004157088122605365	0.00040191570881226065 
60	0.0003735632183908047	0.00028429118773946367 
65	0.0003628352490421457	0.0002911877394636016 
66	0.0004099616858237548	0.00036130268199233726 
70	0.00047892720306513413	0.0003130268199233717 
